9.9999999999999995e-08
9.9999999999999995e-07
1.0000000000000001e-05
0.0001
0.001
0.01
0.10000000000000001
1
10
100
1000
10000
100000
1000000
10000000
100000000
1000000000
10000000000
100000000000
1000000000000
1.2345678899999999e-07
1.23456789e-06
1.23456789e-05
0.000123456789
0.0012345678899999999
0.0123456789
0.123456789
1.2345678899999999
12.345678899999999
123.456789
1234.56789
12345.678900000001
123456.789
1234567.8899999999
12345678.9
123456789
1234567890
12345678900
123456789000
1234567890000
9.9995100000000008e-07
9.9995100000000004e-06
9.9995100000000001e-05
0.00099995100000000001
0.0099995099999999996
0.099995100000000003
0.99995100000000003
9.9995100000000008
99.995099999999994
999.95100000000002
9999.5100000000002
99995.100000000006
999951
9999510
99995100
999951000
9999510000
99995100000
999951000000
9999510000000
4.4999999999999998e-07
4.5000000000000001e-06
4.5000000000000003e-05
0.00044999999999999999
0.0044999999999999997
0.044999999999999998
0.45000000000000001
4.5
45
450
4500
45000
450000
4500000
45000000
450000000
4500000000
45000000000
450000000000
4500000000000
5.5000000000000003e-07
5.4999999999999999e-06
5.5000000000000002e-05
0.00055000000000000003
0.0054999999999999997
0.055
0.55000000000000004
5.5
55
550
5500
55000
550000
5500000
55000000
550000000
5500000000
55000000000
550000000000
5500000000000
-9.9999999999999995e-08
-9.9999999999999995e-07
-1.0000000000000001e-05
-0.0001
-0.001
-0.01
-0.10000000000000001
-1
-10
-100
-1000
-10000
-100000
-1000000
-10000000
-100000000
-1000000000
-10000000000
-100000000000
-1000000000000
-1.2345678899999999e-07
-1.23456789e-06
-1.23456789e-05
-0.000123456789
-0.0012345678899999999
-0.0123456789
-0.123456789
-1.2345678899999999
-12.345678899999999
-123.456789
-1234.56789
-12345.678900000001
-123456.789
-1234567.8899999999
-12345678.9
-123456789
-1234567890
-12345678900
-123456789000
-1234567890000
-9.9995100000000008e-07
-9.9995100000000004e-06
-9.9995100000000001e-05
-0.00099995100000000001
-0.0099995099999999996
-0.099995100000000003
-0.99995100000000003
-9.9995100000000008
-99.995099999999994
-999.95100000000002
-9999.5100000000002
-99995.100000000006
-999951
-9999510
-99995100
-999951000
-9999510000
-99995100000
-999951000000
-9999510000000
-4.4999999999999998e-07
-4.5000000000000001e-06
-4.5000000000000003e-05
-0.00044999999999999999
-0.0044999999999999997
-0.044999999999999998
-0.45000000000000001
-4.5
-45
-450
-4500
-45000
-450000
-4500000
-45000000
-450000000
-4500000000
-45000000000
-450000000000
-4500000000000
-5.5000000000000003e-07
-5.4999999999999999e-06
-5.5000000000000002e-05
-0.00055000000000000003
-0.0054999999999999997
-0.055
-0.55000000000000004
-5.5
-55
-550
-5500
-55000
-550000
-5500000
-55000000
-550000000
-5500000000
-55000000000
-550000000000
-5500000000000
0.5
-0.5
-0.40000000000000002
-0.050000000000000003
0.050000000000000003
-0.0050000000000000001
0.0049998999999999998
999.5
9999.5
99999.5
-99999.5
-12345678
-99999999
1234567.8910000001
-1234.5678
9999999.6999999993
99999.970000000001
1e-10
123456789012
4.9406564584124701e-24
150000000
-150000000
9007199254740990
